Marnejon 58 82 59 72 60 77 62 90
Ware 87 85 89 64 100 88 105 80
Salehi 87 85 89 51 100 78 105 75
Valentine 17 78 70 82 85 77
Kirkham 6 90 12 80 13 81 14 65
Auron 6 93 12 80 13 85 14 55
Leizman 57 92 83 78 94 76
Gardner 57 90 83 86 94 72
Sabota 16 78 18 79 20 75 21 88
Neirouz 92 72 93 68 97 92 98 55
Zeno 52 73 66 89 84 83
Sullivan 27 96 29 86 34 98 35 93
Reuben 27 93 29 77 34 87 35 73
Schuda 47 85 63 69 64 80 65 95
Imm 58 74 59 70 60 82 62 83
Rouan 61 86 71 80 74 86
Whinney 33 55 40 75 48 92 72 75
Harper 30 60 38 65 44 74 51 88
Barriero 10 21 11 69 67 78
Ha 10 21 11 64 67 74
Iheme 61 79 71 88 74 93
Saul 79 94 80 89 90 90 91 97
Litman 82 65 86 80 88 60 103 70
Sweet 26 47 28 62 31 65 32 57
Kravec 26 47 28 62 31 65 32 57
McMahan 104 90 106 69 107 90
Olinn 104 79 106 70 107 85
Wise 82 75 86 70 88 55 103 70
Scott 56 93 68 79 78 85
Myers 95 60 96 95 99 75 102 89
Wood 30 82 38 66 44 70 51 90
Nielsen 47 85 63 85 64 70 65 80
Bibler 16 90 18 85 20 84 21 82
Held 52 82 66 78 84 75
Gugliotti 95 60 96 91 99 69 102 84
Martin 56 33 68 68 78 81
Bricker 7 76 15 85 23 87 24 80
Sopirala 33 67 40 72 48 70 72 63
Murphy 46 80 50 70 69 75 73 85
Parker 46 80 50 70 69 75 73 85
Alrais 2 80 3 85 4 60 5 70
McBennet 92 80 93 90 97 80 98 73
Mayer 79 79 80 85 90 95 91 80
deAndrade 9 53 41 65 49 70 55 85
Schroeder 9 50 41 60 49 60 55 80
Ecklar 7 75 15 95 23 80 24 75
LeMaster 39 68 42 75 43 78 45 62
Hayes 39 71 42 78 43 79 45 69
Armitage 2 94 3 93 4 87 5 93
Webster 17 75 70 92 85 63
McLean 39 68 42 79 43 76 45 60
Winninger 22 80 25 87 36 94 37 71
Jones 22 78 25 87 36 95 37 91
Boes 8 52 76 83 77 75 81 93
Desai 8 58 76 78 77 78 81 91
