Scott 122 59 123 98 124 45
Bibler 126 70 128 75 129 77 149 90
Sullivan 113 78 114 94 115 90 116 97
Rufus 117 74 119 75 120 85
Auron 127 60 145 75 134 45 141 93
Ledford 122 85 123 87 124 82
Ware 144 85 146 75 147 54
Ecklar 127 85 145 90 134 70
Arrendondo 113 65 114 90 115 80 116 90
McBennett 117 52 119 73 120 75
Sweet 144 85 146 75 147 54
Nielsen 130 75 131 85 132 80 133 90
Kravec 152 65 153 76 149 70
Barreiro 126 60 128 85 129 70 127 85
Mayer 149 86 152 88 153 80 136 86 137 92
Rochstrom 130 85 131 95 132 85 133 95
McMahon 150 83 148 52 129 84
Ha 150 84 148 50 129 82
Federman 136 76 137 90 142 65 141 85
Jordan 138 58 139 68 140 54 143 88 142 60
Lemaster 138 63 139 58 140 65 143 92 142 68
